TABLE P(I,M)  Production time of order P on machine M (h)
1	2	3	4	5	6
1	1.000	1.000	1.450	1.450	2.331	1.815
2*7	1.000	1.000	1.450	1.450		1.000
8	1.000	1.000	1.450	1.450	2.331	1.815
9*11	1.000	1.000	1.450	1.450		1.000
12*13	1.000	1.000	1.450	1.450	2.331	1.815
14*15	1.000	1.000	1.450	1.450		1.000
16*17	1.000	1.000	1.450	1.450	2.331	1.815
18*19	1.000	1.000	1.450	1.450		1.000
20	1.000	1.000	1.450	1.450	2.331	1.815
21*22	1.000	1.000	1.450	1.450		1.000
23	1.000	1.000	1.450	1.450	2.331	1.815
24*25	1.000	1.000	1.450	1.450		1.000
26	1.000	1.000	1.450	1.450	2.331	1.815
27*30	1.000	1.000	1.450	1.450		1.000
+	7	8	9	10	11	12
1	2.245	2.245			0.642	0.250
2	1.000	1.000			0.766	0.250
3	1.000	1.000	0.371	0.371		0.750
4	1.000	1.000			0.648	0.500
5	1.000	1.000	0.247	0.247		0.250
6	1.000	1.000	2.267	2.267	0.648	0.250
7	1.000	1.000			0.118	0.250
8	2.245	2.245		0.412	0.118	0.750
9	1.000	1.000			0.112	0.750
10	1.000	1.000			0.294	0.500
11	1.000	1.000			0.883	0.500
12	2.245	2.245		2.061		0.500
13	2.245	2.245		0.824		0.250
14	1.000	1.000	0.392	0.392	0.112	0.500
15	1.000	1.000	2.267	2.267	0.648	0.500
16	2.245	2.245			0.236	0.500
17	2.245	2.245	1.237	1.237		0.500
18	1.000	1.000			0.707	0.500
19	1.000	1.000			0.624	0.500
20	2.245	2.245		0.371	0.106	0.750
21	2.245	2.245		0.309		0.750
22	1.000	1.000			0.601	0.750
23	2.245	2.245		2.267	0.648	0.750
24	2.245	2.245		2.473	0.707	0.250
25	1.000	1.000		1.237		0.750
26	2.245	2.245		2.164	0.618	0.500
27	2.245	2.245		2.267	0.648	0.250
28	1.000	1.000			0.118	0.250
29	1.000	1.000	1.855	1.855		0.250
30	1.000	1.000		3.710		0.250
+	13	14	15	16	17
1	0.420	0.420	2.202	2.202	0.629
2	0.420	0.420	2.626	2.626	0.750
3	1.260	1.260	0.364	0.364	0.104
4	0.840	0.840	2.222	2.222	0.635
5	0.420	0.420	0.242	0.242	0.069
6	0.420	0.420	2.222	2.222	0.635
7	0.420	0.420	0.404	0.404	0.115
8	1.260	1.260	0.404	0.404	0.115
9	1.260	1.260	0.384	0.384	0.110
10	0.840	0.840	1.010	1.010	0.289
11	0.840	0.840	3.030	3.030	0.866
12	0.840	0.840	2.020	2.020	0.577
13	0.420	0.420	0.808	0.808	0.231
14	0.840	0.840	0.384	0.384	0.110
15	0.840	0.840	2.222	2.222	0.635
16	0.840	0.840	0.808	0.808	0.231
17	0.840	0.840	1.212	1.212	0.346
18	0.840	0.840	2.424	2.424	0.693
19	0.840	0.840	2.141	2.141	0.612
20	1.260	1.260	0.364	0.364	0.104
21	1.260	1.260	0.303	0.303	0.087
22	1.260	1.260	2.061	2.061	0.589
23	1.260	1.260	2.222	2.222	0.635
24	0.420	0.420	2.424	2.424	0.693
25	1.260	1.260	1.212	1.212	0.346
26	0.840	0.840	2.121	2.121	0.606
27	0.420	0.420	2.222	2.222	0.635
28	0.420	0.420	0.404	0.404	0.115
29	0.420	0.420	1.818	1.818	0.519
30	0.420	0.420	3.636	3.636	1.039

TABLE RMK(M,K)
1	2	3	4	5	6
1*2	1					
3*5		1				
6*8			1			
9*11				1		
12*14					1	
15*17						1

PARAMETERS					
R(I)	1*30 0
D(I)	1*30 50